4750.  2997.159
4751.25  -675.0865
4752.5  981.8096
4753.75  366.6769
4755.  2605.938
4756.25  1098.198
4757.5  2308.234
4758.75  2721.172
4760.  1275.712
4761.25  670.5363
4762.5  234.2359
4763.75  -347.6226
4765.  2392.789
4766.25  3028.167
4767.5  2039.637
4768.75  2689.746
4770.  2461.308
4771.25  2158.994
4772.5  4102.088
4773.75  3815.533
4775.  1152.873
4776.25  1651.214
4777.5  3124.874
4778.75  3291.281
4780.  1837.153
4781.25  2606.531
4782.5  2508.479
4783.75  3524.163
4785.  2153.906
4786.25  2564.487
4787.5  4475.605
4788.75  2670.103
4790.  3648.11
4791.25  3214.426
4792.5  1642.656
4793.75  2424.322
4795.  4346.07
4796.25  1672.907
4797.5  2536.231
4798.75  2044.24
4800.  1430.955
4801.25  1613.579
4802.5  1910.063
4803.75  1956.711
4805.  1667.486
4806.25  3457.567
4807.5  2195.755
4808.75  3781.583
4810.  3028.691
4811.25  3462.369
4812.5  2499.782
4813.75  778.2749
4815.  2084.407
4816.25  2120.713
4817.5  4090.3
4818.75  2936.127
4820.  1990.011
4821.25  1279.248
4822.5  2167.953
4823.75  2289.668
4825.  2084.012
4826.25  2176.522
4827.5  1245.677
4828.75  1691.194
4830.  3277.088
4831.25  3323.068
4832.5  1363.843
4833.75  1825.833
4835.  2545.581
4836.25  3576.205
4837.5  2530.412
4838.75  1316.532
4840.  3348.49
4841.25  3832.279
4842.5  1930.754
4843.75  2251.668
4845.  3154.093
4846.25  3792.535
4847.5  7100.926
4848.75  6637.336
4850.  6987.64
4851.25  6556.107
4852.5  4528.701
4853.75  6637.081
4855.  4518.443
4856.25  6440.508
4857.5  5638.011
4858.75  4832.526
4860.  4682.947
4861.25  4528.227
4862.5  5466.067
4863.75  4823.473
4865.  3287.656
4866.25  3367.804
4867.5  2806.645
4868.75  4256.089
4870.  6038.712
4871.25  3740.288
4872.5  5322.417
4873.75  3932.683
4875.  4518.333
4876.25  4421.893
4877.5  3516.69
4878.75  2526.391
4880.  2461.945
4881.25  3163.841
4882.5  3043.514
4883.75  3391.687
4885.  3559.28
4886.25  2580.693
4887.5  3108.238
4888.75  2861.704
4890.  2483.363
4891.25  2628.094
4892.5  2183.434
4893.75  3627.989
4895.  2295.221
4896.25  1590.791
4897.5  2563.118
4898.75  2467.054
4900.  2961.07
4901.25  2313.368
4902.5  4027.796
4903.75  1575.895
4905.  843.7411
4906.25  3280.544
4907.5  2522.76
4908.75  4043.14
4910.  2095.703
4911.25  3781.134
4912.5  1838.541
4913.75  2124.283
4915.  2424.104
4916.25  3247.571
4917.5  3254.292
4918.75  1436.524
4920.  2394.396
4921.25  2726.69
4922.5  2027.837
4923.75  1738.172
4925.  2650.732
4926.25  3640.764
4927.5  2160.212
4928.75  1954.54
4930.  3318.267
4931.25  3314.093
4932.5  3619.333
4933.75  3349.795
4935.  3001.377
4936.25  2429.957
4937.5  2336.633
4938.75  2303.439
4940.  1280.348
4941.25  1795.827
4942.5  1785.675
4943.75  2255.531
4945.  1533.802
4946.25  2707.815
4947.5  2614.055
4948.75  2416.074
4950.  2852.552
4951.25  2555.524
4952.5  1319.866
4953.75  4157.088
4955.  2410.951
4956.25  2154.727
4957.5  2111.653
4958.75  2311.704
4960.  883.4651
4961.25  1568.081
4962.5  833.4197
4963.75  1958.795
4965.  1755.143
4966.25  952.3967
4967.5  1499.51
4968.75  1201.897
4970.  3009.282
4971.25  2292.543
4972.5  1259.057
4973.75  1983.901
4975.  3472.498
4976.25  2932.254
4977.5  2388.18
4978.75  2443.777
4980.  1299.599
4981.25  1742.431
4982.5  2186.837
4983.75  1314.598
4985.  1736.152
4986.25  2812.816
4987.5  2724.632
4988.75  1259.859
4990.  1520.309
4991.25  712.7931
4992.5  2836.066
4993.75  1479.662
4995.  3462.521
4996.25  2165.749
4997.5  2194.471
4998.75  3441.386
5000.  3806.719
5001.25  1580.11
5002.5  2021.913
5003.75  2084.459
5005.  2332.715
5006.25  2441.175
5007.5  2644.255
5008.75  2103.812
5010.  2688.007
5011.25  1377.633
5012.5  2859.861
5013.75  3589.545
5015.  4480.686
5016.25  2223.622
5017.5  2873.505
5018.75  2231.693
5020.  4010.421
5021.25  3559.861
5022.5  3407.272
5023.75  2136.927
5025.  1997.431
5026.25  2249.406
5027.5  4630.403
5028.75  2744.473
5030.  5256.892
5031.25  2805.871
5032.5  3711.251
5033.75  2299.979
5035.  1716.063
5036.25  2200.112
5037.5  2413.918
5038.75  2200.17
5040.  1385.219
5041.25  1779.694
5042.5  1536.987
5043.75  1514.719
5045.  1741.793
5046.25  2090.524
5047.5  2085.272
5048.75  2795.736
5050.  1504.74
5051.25  2251.298
5052.5  2308.514
5053.75  2691.389
5055.  945.6133
5056.25  2333.35
5057.5  1876.619
5058.75  3503.705
5060.  3284.512
5061.25  2700.199
5062.5  1147.737
5063.75  2971.236
5065.  3012.459
5066.25  2664.857
5067.5  1939.027
5068.75  2044.391
5070.  3018.805
5071.25  2440.394
5072.5  2774.658
5073.75  2618.375
5075.  2014.638
5076.25  1052.555
5077.5  2437.056
5078.75  884.019
5080.  2949.519
5081.25  2096.744
5082.5  3019.917
5083.75  2359.494
5085.  2086.361
5086.25  2665.167
5087.5  3380.469
5088.75  3953.493
5090.  2779.163
5091.25  2708.926
5092.5  2432.175
5093.75  2410.976
5095.  2054.212
5096.25  1672.684
5097.5  2091.465
5098.75  1968.58
5100.  1360.395
5101.25  1129.026
5102.5  2020.928
5103.75  2722.663
5105.  3543.11
5106.25  2920.887
5107.5  3182.303
5108.75  2751.903
5110.  2029.732
5111.25  1878.713
5112.5  2824.365
5113.75  3011.677
5115.  2036.878
5116.25  3202.692
5117.5  3411.229
5118.75  1234.055
5120.  2542.018
5121.25  3917.926
5122.5  3106.663
5123.75  2585.349
5125.  2091.991
5126.25  1619.938
5127.5  1601.87
5128.75  2494.137
5130.  2584.656
5131.25  2026.204
5132.5  1549.955
5133.75  2006.162
5135.  2723.133
5136.25  2512.331
5137.5  2670.781
5138.75  1842.597
5140.  1239.924
5141.25  2868.921
5142.5  3629.584
5143.75  1228.391
5145.  2008.102
5146.25  2069.875
5147.5  2508.684
5148.75  1783.625
5150.  1397.485
5151.25  2883.605
5152.5  2249.951
5153.75  2892.11
5155.  2027.676
5156.25  1775.648
5157.5  845.6432
5158.75  2228.388
5160.  2173.835
5161.25  1243.777
5162.5  1215.228
5163.75  2447.593
5165.  2580.329
5166.25  1656.182
5167.5  2283.929
5168.75  2092.8
5170.  2484.032
5171.25  2720.217
5172.5  2647.564
5173.75  3502.732
5175.  1863.57
5176.25  693.9256
5177.5  2605.526
5178.75  1381.533
5180.  3284.309
5181.25  1802.488
5182.5  2469.033
5183.75  2411.892
5185.  2462.307
5186.25  1472.219
5187.5  1617.88
5188.75  678.9125
5190.  2856.306
5191.25  2312.801
5192.5  2610.213
5193.75  1964.399
5195.  2165.329
5196.25  1291.083
5197.5  2932.011
5198.75  3135.867
5200.  1071.124
5201.25  1854.672
5202.5  1472.865
5203.75  1866.578
5205.  2261.655
5206.25  2600.582
5207.5  -168.8741
5208.75  1335.072
5210.  2510.408
5211.25  2355.294
5212.5  1927.77
5213.75  2272.816
5215.  2394.607
5216.25  2517.766
5217.5  3516.563
5218.75  1896.046
5220.  1648.814
5221.25  2518.688
5222.5  2724.671
5223.75  2934.577
5225.  3291.382
5226.25  2667.754
5227.5  1750.344
5228.75  3644.397
5230.  2658.271
5231.25  1916.515
5232.5  2891.176
5233.75  2007.011
5235.  1246.945
5236.25  2729.197
5237.5  2898.372
5238.75  2172.69
5240.  1428.38
5241.25  2536.858
5242.5  3295.989
5243.75  2807.984
5245.  2130.711
5246.25  1757.219
5247.5  1599.484
5248.75  2862.786
5250.  2703.687
5251.25  3058.618
5252.5  2149.056
5253.75  2660.23
5255.  3495.431
5256.25  2968.128
5257.5  2193.003
5258.75  2188.029
5260.  3557.233
5261.25  2063.674
5262.5  2939.323
5263.75  2811.365
5265.  2639.289
5266.25  2256.088
5267.5  3085.468
5268.75  2613.129
5270.  2217.591
5271.25  1807.275
5272.5  1720.952
5273.75  2040.084
5275.  1458.249
5276.25  3092.341
5277.5  2689.379
5278.75  3061.57
5280.  2431.005
5281.25  1915.624
5282.5  2598.507
5283.75  2532.702
5285.  2615.639
5286.25  2841.605
5287.5  2526.68
5288.75  2142.937
5290.  2708.006
5291.25  2594.105
5292.5  2302.374
5293.75  2322.577
5295.  2381.523
5296.25  1959.415
5297.5  1897.03
5298.75  1434.323
5300.  2050.016
5301.25  1970.731
5302.5  2398.451
5303.75  2607.766
5305.  2458.089
5306.25  2454.574
5307.5  3149.335
5308.75  2896.843
5310.  2648.123
5311.25  1933.873
5312.5  2626.519
5313.75  2222.865
5315.  2464.618
5316.25  2001.026
5317.5  3186.611
5318.75  1546.44
5320.  2544.934
5321.25  1686.816
5322.5  2427.727
5323.75  2530.927
5325.  2351.63
5326.25  1856.153
5327.5  1851.73
5328.75  2529.677
5330.  2372.801
5331.25  1032.491
5332.5  1779.977
5333.75  1164.4
5335.  2147.823
5336.25  2530.966
5337.5  1523.017
5338.75  2029.62
5340.  1672.063
5341.25  3225.684
5342.5  2713.353
5343.75  2162.274
5345.  2793.77
5346.25  2673.169
5347.5  2239.331
5348.75  2210.025
5350.  2403.672
5351.25  1874.779
5352.5  2920.545
5353.75  2860.877
5355.  3099.048
5356.25  1887.087
5357.5  2545.296
5358.75  2207.152
5360.  2087.451
5361.25  395.4511
5362.5  2241.241
5363.75  2525.258
5365.  1640.027
5366.25  2575.011
5367.5  3290.362
5368.75  2045.485
5370.  2372.776
5371.25  2147.307
5372.5  2087.55
5373.75  2786.599
5375.  1925.685
5376.25  1804.926
5377.5  2434.972
5378.75  3213.927
5380.  1989.066
5381.25  2376.912
5382.5  2293.734
5383.75  1527.552
5385.  2403.481
5386.25  3239.166
5387.5  1997.738
5388.75  1896.983
5390.  2248.575
5391.25  2055.509
5392.5  2136.634
5393.75  2393.583
5395.  3021.799
5396.25  2555.788
5397.5  2850.931
5398.75  1930.956
5400.  2537.065
5401.25  2560.953
5402.5  2091.728
5403.75  2480.801
5405.  2939.375
5406.25  1705.27
5407.5  2456.545
5408.75  3054.158
5410.  1489.214
5411.25  2155.122
5412.5  1933.
5413.75  2893.736
5415.  2684.294
5416.25  1313.629
5417.5  2282.115
5418.75  1772.805
5420.  1732.434
5421.25  3330.396
5422.5  2771.832
5423.75  1690.618
5425.  2617.861
5426.25  2834.091
5427.5  2985.544
5428.75  2185.656
5430.  1923.727
5431.25  1966.611
5432.5  2014.75
5433.75  3208.999
5435.  3291.588
5436.25  2443.12
5437.5  2083.376
5438.75  2991.259
5440.  1586.845
5441.25  2939.767
5442.5  2946.244
5443.75  2651.527
5445.  3185.314
5446.25  2796.627
5447.5  3277.093
5448.75  2258.052
5450.  1720.652
5451.25  2454.992
5452.5  2848.396
5453.75  1979.925
5455.  3482.651
5456.25  1525.311
5457.5  2253.889
5458.75  1488.562
5460.  1605.899
5461.25  2862.967
5462.5  2042.811
5463.75  2691.244
5465.  1509.932
5466.25  1293.98
5467.5  2809.849
5468.75  2454.865
5470.  2634.354
5471.25  2895.896
5472.5  1937.616
5473.75  2127.07
5475.  2122.897
5476.25  3376.158
5477.5  2153.199
5478.75  2106.769
5480.  1207.399
5481.25  2615.119
5482.5  2852.765
5483.75  2436.569
5485.  2423.798
5486.25  2791.638
5487.5  1974.166
5488.75  3249.369
5490.  2797.254
5491.25  2254.902
5492.5  2885.19
5493.75  2220.938
5495.  1891.903
5496.25  2389.403
5497.5  2817.429
5498.75  2645.782
5500.  2240.089
5501.25  1601.863
5502.5  1928.195
5503.75  1631.29
5505.  1836.991
5506.25  1581.632
5507.5  2317.264
5508.75  2751.984
5510.  1743.744
5511.25  2789.349
5512.5  301.7983
5513.75  1662.174
5515.  2754.787
5516.25  2754.448
5517.5  1803.45
5518.75  2428.878
5520.  2943.071
5521.25  3763.91
5522.5  2972.064
5523.75  2319.309
5525.  3283.024
5526.25  1480.439
5527.5  1640.409
5528.75  2664.21
5530.  1697.909
5531.25  2352.831
5532.5  1492.575
5533.75  1945.754
5535.  2568.823
5536.25  2477.03
5537.5  2180.676
5538.75  3244.102
5540.  2332.918
5541.25  2652.157
5542.5  2355.162
5543.75  3017.111
5545.  2109.496
5546.25  2620.45
5547.5  3594.005
5548.75  3808.998
5550.  2285.074
5551.25  2982.35
5552.5  2596.816
5553.75  1400.008
5555.  915.1206
5556.25  1618.985
5557.5  2227.708
5558.75  2677.276
5560.  2403.724
5561.25  1542.519
5562.5  2759.026
5563.75  2445.634
5565.  2589.845
5566.25  2021.593
5567.5  1834.297
5568.75  2457.672
5570.  1757.959
5571.25  2680.68
5572.5  2538.376
5573.75  2563.925
5575.  1641.203
5576.25  1657.172
5577.5  4345.794
5578.75  2631.552
5580.  2917.421
5581.25  2466.022
5582.5  2220.33
5583.75  2115.074
5585.  2178.861
5586.25  2703.65
5587.5  2745.659
5588.75  1890.798
5590.  1747.726
5591.25  2746.619
5592.5  2940.956
5593.75  3173.075
5595.  3428.86
5596.25  1968.988
5597.5  1322.79
5598.75  1647.682
5600.  2175.58
5601.25  2797.604
5602.5  3279.213
5603.75  3624.946
5605.  3151.572
5606.25  2130.33
5607.5  2405.173
5608.75  2512.95
5610.  2702.347
5611.25  2619.284
5612.5  2973.501
5613.75  2904.02
5615.  1680.644
5616.25  2663.324
5617.5  2548.037
5618.75  3059.22
5620.  1883.669
5621.25  2547.991
5622.5  2280.047
5623.75  2856.843
5625.  2163.325
5626.25  2903.781
5627.5  2194.48
5628.75  2546.836
5630.  1960.698
5631.25  1803.114
5632.5  3212.894
5633.75  2686.952
5635.  2393.373
5636.25  2228.624
5637.5  2346.219
5638.75  1949.993
5640.  2982.561
5641.25  2713.384
5642.5  2251.643
5643.75  2847.406
5645.  2097.805
5646.25  1477.669
5647.5  2878.966
5648.75  2771.906
5650.  2181.617
5651.25  2930.436
5652.5  3044.551
5653.75  2767.956
5655.  2209.881
5656.25  2761.32
5657.5  3417.797
5658.75  2787.964
5660.  3729.146
5661.25  3818.291
5662.5  2627.119
5663.75  2661.453
5665.  1850.063
5666.25  2356.716
5667.5  1869.327
5668.75  3057.343
5670.  4084.554
5671.25  1785.687
5672.5  2475.626
5673.75  1674.094
5675.  2778.077
5676.25  2698.143
5677.5  2297.487
5678.75  2326.839
5680.  1935.524
5681.25  2967.432
5682.5  3318.027
5683.75  1989.557
5685.  2708.631
5686.25  2389.974
5687.5  3735.152
5688.75  2777.933
5690.  2746.788
5691.25  3077.881
5692.5  4198.299
5693.75  3346.13
5695.  2161.853
5696.25  2470.565
5697.5  2634.578
5698.75  3317.17
5700.  2476.13
5701.25  2376.422
5702.5  2463.074
5703.75  2086.085
5705.  2728.849
5706.25  2230.887
5707.5  2096.84
5708.75  2957.74
5710.  3218.07
5711.25  2648.193
5712.5  1745.568
5713.75  2505.708
5715.  2449.727
5716.25  2357.304
5717.5  2539.55
5718.75  2476.844
5720.  2886.871
5721.25  2162.639
5722.5  2907.883
5723.75  2760.275
5725.  2268.497
5726.25  3868.345
5727.5  3894.06
5728.75  2108.876
5730.  2083.077
5731.25  2406.826
5732.5  2895.116
5733.75  1714.332
5735.  2386.213
5736.25  2814.702
5737.5  2776.315
5738.75  1936.578
5740.  2672.436
5741.25  3024.213
5742.5  3424.723
5743.75  2026.626
5745.  2553.931
5746.25  3075.737
5747.5  2580.441
5748.75  3476.522
5750.  3170.163
5751.25  1886.236
5752.5  2574.62
5753.75  2834.385
5755.  2337.137
5756.25  2190.504
5757.5  2010.992
5758.75  2852.01
5760.  3145.525
5761.25  3616.525
5762.5  2806.223
5763.75  3633.074
5765.  2721.671
5766.25  2296.951
5767.5  2695.83
5768.75  1658.798
5770.  2894.688
5771.25  1209.223
5772.5  1982.609
5773.75  3117.196
5775.  2687.125
5776.25  1647.694
5777.5  3280.032
5778.75  1729.905
5780.  3505.26
5781.25  3036.03
5782.5  2566.202
5783.75  3284.104
5785.  3352.087
5786.25  3128.274
5787.5  3572.938
5788.75  2542.479
5790.  1995.102
5791.25  3520.175
5792.5  2834.742
5793.75  2960.374
5795.  3423.148
5796.25  2988.828
5797.5  2818.191
5798.75  2680.248
5800.  3238.516
5801.25  1667.505
5802.5  2592.583
5803.75  2409.674
5805.  2951.524
5806.25  3632.582
5807.5  3826.898
5808.75  3292.729
5810.  2507.627
5811.25  2016.751
5812.5  1768.925
5813.75  2122.86
5815.  2349.089
5816.25  2336.791
5817.5  2410.937
5818.75  2085.791
5820.  2008.531
5821.25  2080.874
5822.5  2654.652
5823.75  2075.792
5825.  2395.803
5826.25  2123.261
5827.5  2869.082
5828.75  2879.315
5830.  2773.858
5831.25  3457.079
5832.5  3421.033
5833.75  2719.322
5835.  2259.72
5836.25  2925.206
5837.5  2766.943
5838.75  2279.058
5840.  2154.107
5841.25  2802.926
5842.5  2502.498
5843.75  3111.49
5845.  3311.634
5846.25  2638.183
5847.5  2627.039
5848.75  2325.776
5850.  2282.781
5851.25  2168.601
5852.5  2286.905
5853.75  3509.862
5855.  3873.94
5856.25  5066.585
5857.5  4866.072
5858.75  3831.844
5860.  3509.096
5861.25  4941.36
5862.5  5564.176
5863.75  3881.635
5865.  4227.583
5866.25  3539.878
5867.5  3712.847
5868.75  4622.165
5870.  3977.164
5871.25  4347.733
5872.5  4686.97
5873.75  3339.375
5875.  3309.203
5876.25  3444.599
5877.5  3561.521
5878.75  2839.884
5880.  3694.035
5881.25  4293.754
5882.5  3748.414
5883.75  3129.235
5885.  3061.044
5886.25  3665.538
5887.5  3900.071
5888.75  3066.086
5890.  3870.096
5891.25  4178.744
5892.5  3457.029
5893.75  2835.76
5895.  3628.048
5896.25  2804.381
5897.5  3663.244
5898.75  2475.489
5900.  1849.621
5901.25  3452.096
5902.5  2904.444
5903.75  2691.221
5905.  3185.594
5906.25  2645.465
5907.5  2505.581
5908.75  3499.747
5910.  2419.456
5911.25  2488.729
5912.5  2799.654
5913.75  2085.172
5915.  3239.481
5916.25  3221.343
5917.5  2441.071
5918.75  2426.057
5920.  2227.167
5921.25  2481.07
5922.5  2682.877
5923.75  3022.368
5925.  3022.846
5926.25  1671.039
5927.5  3107.639
5928.75  2894.448
5930.  3088.066
5931.25  3481.878
5932.5  2763.916
5933.75  4005.345
5935.  4084.382
5936.25  2909.305
5937.5  3642.939
5938.75  2799.465
5940.  2797.327
5941.25  2803.073
5942.5  3401.321
5943.75  2860.915
5945.  1233.605
5946.25  3101.151
5947.5  2594.747
5948.75  2908.789
5950.  2730.254
5951.25  2689.226
5952.5  2740.066
5953.75  2633.988
5955.  2570.332
5956.25  2588.597
5957.5  3137.294
5958.75  1608.039
5960.  3403.817
5961.25  3320.723
5962.5  2263.473
5963.75  2697.373
5965.  3623.683
5966.25  2850.082
5967.5  2761.08
5968.75  3329.602
5970.  2124.044
5971.25  3164.525
5972.5  3044.194
5973.75  1939.904
5975.  3611.257
5976.25  3642.76
5977.5  2532.903
5978.75  1904.052
5980.  2971.693
5981.25  3222.17
5982.5  2978.737
5983.75  2850.436
5985.  3382.111
5986.25  1810.642
5987.5  2523.962
5988.75  2511.141
5990.  2352.667
5991.25  2780.816
5992.5  2590.296
5993.75  2857.868
5995.  3386.283
5996.25  2822.797
5997.5  2798.648
5998.75  2949.131
6000.  2518.234
6001.25  3394.808
6002.5  3987.852
6003.75  3460.045
6005.  2981.336
6006.25  3014.65
6007.5  3484.433
6008.75  3146.615
6010.  2308.443
6011.25  2169.791
6012.5  3339.838
6013.75  2530.76
6015.  3029.906
6016.25  3276.708
6017.5  2796.247
6018.75  3142.319
6020.  3404.601
6021.25  3225.62
6022.5  2985.017
6023.75  2887.019
6025.  2817.405
6026.25  2365.571
6027.5  2865.319
6028.75  2347.596
6030.  2811.676
6031.25  3777.285
6032.5  2721.658
6033.75  3331.169
6035.  3310.109
6036.25  2584.331
6037.5  4273.431
6038.75  3365.925
6040.  3474.541
6041.25  2738.972
6042.5  2686.238
6043.75  2263.383
6045.  2541.039
6046.25  2404.771
6047.5  3207.067
6048.75  2878.268
6050.  2283.715
6051.25  3060.085
6052.5  3311.092
6053.75  3775.581
6055.  2897.805
6056.25  3885.795
6057.5  2999.921
6058.75  2243.562
6060.  3348.176
6061.25  2320.159
6062.5  2927.805
6063.75  2644.639
6065.  2578.835
6066.25  2844.6
6067.5  2643.454
6068.75  1523.081
6070.  4270.978
6071.25  2337.119
6072.5  3040.201
6073.75  3444.645
6075.  3781.865
6076.25  3938.259
6077.5  2884.569
6078.75  2900.679
6080.  3829.438
6081.25  2787.096
6082.5  3474.924
6083.75  2653.544
6085.  3612.396
6086.25  3102.284
6087.5  2989.79
6088.75  3070.055
6090.  2717.682
6091.25  2922.93
6092.5  2223.738
6093.75  2318.57
6095.  2212.592
6096.25  3683.169
6097.5  2979.973
6098.75  2344.632
6100.  2485.64
6101.25  3016.167
6102.5  2952.616
6103.75  3586.71
6105.  3190.333
6106.25  2635.618
6107.5  2848.138
6108.75  2022.672
6110.  3331.216
6111.25  2058.426
6112.5  2678.96
6113.75  3257.912
6115.  2258.83
6116.25  2444.234
6117.5  3222.097
6118.75  2520.193
6120.  2493.736
6121.25  2251.269
6122.5  2873.591
6123.75  3266.493
6125.  3369.406
6126.25  3251.098
6127.5  2795.338
6128.75  1941.046
6130.  2535.09
6131.25  2052.257
6132.5  2571.799
6133.75  2710.173
6135.  3049.676
6136.25  3130.624
6137.5  3389.029
6138.75  3075.762
6140.  2772.116
6141.25  2737.892
6142.5  2912.215
6143.75  2595.644
6145.  1570.245
6146.25  1465.794
6147.5  2130.875
6148.75  2301.855
6150.  2801.371
6151.25  1879.467
6152.5  2878.579
6153.75  3017.347
6155.  3248.908
6156.25  2885.061
6157.5  3300.783
6158.75  2852.931
6160.  3471.719
6161.25  3663.641
6162.5  3009.66
6163.75  2578.049
6165.  2022.579
6166.25  2493.961
6167.5  2248.279
6168.75  2229.693
6170.  2391.128
6171.25  3558.915
6172.5  2722.514
6173.75  3127.343
6175.  3148.814
6176.25  3150.575
6177.5  2711.802
6178.75  2970.365
6180.  3655.952
6181.25  3445.56
6182.5  2963.178
6183.75  3072.721
6185.  3326.18
6186.25  2588.586
6187.5  2870.986
6188.75  2972.583
6190.  2014.704
6191.25  3573.825
6192.5  3275.383
6193.75  3441.43
6195.  2481.105
6196.25  2798.449
6197.5  2477.55
6198.75  1751.592
6200.  2699.367
6201.25  2530.205
6202.5  3107.908
6203.75  2966.477
6205.  3006.11
6206.25  2322.173
6207.5  2874.636
6208.75  3040.729
6210.  3482.878
6211.25  3613.649
6212.5  2654.631
6213.75  2744.16
6215.  2114.712
6216.25  3884.534
6217.5  3024.196
6218.75  2806.314
6220.  3203.779
6221.25  3019.168
6222.5  2125.81
6223.75  2431.717
6225.  1209.455
6226.25  2485.84
6227.5  2889.636
6228.75  2872.883
6230.  3049.719
6231.25  3044.02
6232.5  2939.95
6233.75  2714.029
6235.  2466.499
6236.25  3131.376
6237.5  3014.336
6238.75  3620.384
6240.  2866.16
6241.25  2188.454
6242.5  3872.502
6243.75  2606.882
6245.  2674.66
6246.25  3658.505
6247.5  2981.059
6248.75  3112.92
6250.  2730.094
6251.25  2183.708
6252.5  2102.748
6253.75  2742.906
6255.  2746.694
6256.25  2465.646
6257.5  2375.407
6258.75  3233.234
6260.  1947.661
6261.25  1387.312
6262.5  2805.699
6263.75  3602.609
6265.  2854.126
6266.25  3024.864
6267.5  2144.02
6268.75  2995.794
6270.  3059.219
6271.25  3258.979
6272.5  2568.336
6273.75  3157.725
6275.  2249.52
6276.25  2699.963
6277.5  2249.49
6278.75  1896.717
6280.  2974.615
6281.25  2619.273
6282.5  2346.141
6283.75  1844.793
6285.  2459.359
6286.25  2289.056
6287.5  2485.242
6288.75  2216.154
6290.  3456.027
6291.25  2546.284
6292.5  3382.408
6293.75  2431.232
6295.  2673.383
6296.25  2407.793
6297.5  2438.969
6298.75  1904.75
6300.  3400.938
6301.25  2516.826
6302.5  2006.062
6303.75  2830.83
6305.  2250.826
6306.25  3177.345
6307.5  2400.23
6308.75  2676.537
6310.  2475.059
6311.25  2906.878
6312.5  3189.073
6313.75  2982.765
6315.  2244.82
6316.25  2259.243
6317.5  3347.729
6318.75  2960.717
6320.  2641.765
6321.25  2675.914
6322.5  3011.107
6323.75  2714.713
6325.  2632.71
6326.25  2406.88
6327.5  2644.786
6328.75  2570.472
6330.  2812.459
6331.25  2714.785
6332.5  3108.003
6333.75  1960.302
6335.  2757.994
6336.25  2373.036
6337.5  2574.492
6338.75  2863.146
6340.  2504.811
6341.25  2686.373
6342.5  2640.6
6343.75  2671.648
6345.  2434.521
6346.25  3035.166
6347.5  1866.497
6348.75  2972.445
6350.  2745.536
6351.25  2810.144
6352.5  2615.309
6353.75  2568.656
6355.  2543.877
6356.25  3179.615
6357.5  1965.376
6358.75  3406.785
6360.  2493.998
6361.25  2945.807
6362.5  2559.585
6363.75  3639.586
6365.  2454.154
6366.25  3416.616
6367.5  2387.332
6368.75  2716.573
6370.  2379.814
6371.25  3216.877
6372.5  2592.826
6373.75  2322.675
6375.  2289.146
6376.25  2715.468
6377.5  2577.637
6378.75  1827.749
6380.  2381.643
6381.25  2590.518
6382.5  2256.891
6383.75  3155.302
6385.  3392.288
6386.25  2435.202
6387.5  3230.279
6388.75  2970.898
6390.  2815.614
6391.25  3560.293
6392.5  2765.346
6393.75  2120.773
6395.  2838.219
6396.25  2095.271
6397.5  2538.15
6398.75  1463.976
6400.  3046.681
6401.25  3022.094
6402.5  3163.955
6403.75  2886.488
6405.  1588.923
6406.25  2601.454
6407.5  2652.928
6408.75  2622.343
6410.  3225.637
6411.25  1942.172
6412.5  2505.955
6413.75  2902.866
6415.  2806.583
6416.25  2336.702
6417.5  2700.886
6418.75  2584.468
6420.  2333.404
6421.25  2614.707
6422.5  3154.946
6423.75  2318.234
6425.  3252.363
6426.25  3154.401
6427.5  2436.416
6428.75  2487.246
6430.  2675.07
6431.25  2799.729
6432.5  2296.974
6433.75  3033.639
6435.  2385.861
6436.25  3004.246
6437.5  2314.218
6438.75  2769.681
6440.  2251.79
6441.25  2575.454
6442.5  2670.505
6443.75  3097.7
6445.  2828.024
6446.25  2159.956
6447.5  2777.361
6448.75  2870.311
6450.  2789.893
6451.25  2930.754
6452.5  2506.445
6453.75  1811.244
6455.  2230.656
6456.25  2253.975
6457.5  2607.451
6458.75  2859.367
6460.  2761.009
6461.25  2614.136
6462.5  2556.276
6463.75  2338.06
6465.  3167.701
6466.25  2657.992
6467.5  2760.743
6468.75  2659.397
6470.  2715.335
6471.25  3355.427
6472.5  3288.753
6473.75  3240.369
6475.  2616.383
6476.25  1972.359
6477.5  2870.344
6478.75  2909.469
6480.  3039.372
6481.25  3420.263
6482.5  2753.843
6483.75  2702.186
6485.  2484.319
6486.25  3462.817
6487.5  2644.678
6488.75  2993.013
6490.  2721.237
6491.25  2365.268
6492.5  2894.82
6493.75  2791.026
6495.  2425.757
6496.25  3043.203
6497.5  2520.077
6498.75  2892.053
6500.  2819.384
6501.25  2656.524
6502.5  2742.896
6503.75  2208.793
6505.  2132.719
6506.25  2662.324
6507.5  3262.18
6508.75  3276.464
6510.  2983.179
6511.25  2255.172
6512.5  2849.869
6513.75  2784.668
6515.  2999.363
6516.25  2550.078
6517.5  3281.923
6518.75  2682.608
6520.  3118.779
6521.25  2899.186
6522.5  3318.97
6523.75  2893.317
6525.  2822.028
6526.25  2736.331
6527.5  3896.036
6528.75  4159.752
6530.  2807.52
6531.25  3587.608
6532.5  3467.343
6533.75  2637.446
6535.  2320.902
6536.25  3077.036
6537.5  2844.464
6538.75  3969.26
6540.  3465.954
6541.25  3597.99
6542.5  3654.923
6543.75  4555.091
6545.  5618.726
6546.25  5703.972
6547.5  6079.399
6548.75  5851.53
6550.  6293.796
6551.25  6957.006
6552.5  6321.91
6553.75  6919.887
6555.  8444.894
6556.25  7551.983
6557.5  7892.348
6558.75  7665.18
6560.  5966.418
6561.25  5719.024
6562.5  5440.536
6563.75  5329.544
6565.  5305.513
6566.25  5435.303
6567.5  5862.23
6568.75  6409.736
6570.  6446.521
6571.25  6444.642
6572.5  5537.975
6573.75  5849.875
6575.  5444.837
6576.25  6661.828
6577.5  4975.782
6578.75  4170.488
6580.  4182.176
6581.25  4031.258
6582.5  3787.504
6583.75  3840.807
6585.  3508.044
6586.25  3428.924
6587.5  3676.753
6588.75  3649.17
6590.  3627.944
6591.25  2839.614
6592.5  3232.836
6593.75  3115.776
6595.  2955.371
6596.25  2667.135
6597.5  3158.67
6598.75  3212.716
6600.  3211.014
6601.25  2917.251
6602.5  3133.998
6603.75  3412.836
6605.  2250.166
6606.25  3354.623
6607.5  2720.544
6608.75  3165.049
6610.  3005.245
6611.25  3210.624
6612.5  3383.137
6613.75  2758.369
6615.  2132.092
6616.25  2707.021
6617.5  2885.739
6618.75  2507.599
6620.  2361.633
6621.25  2339.684
6622.5  2700.474
6623.75  3030.286
6625.  2002.226
6626.25  2402.885
6627.5  2204.466
6628.75  2968.996
6630.  3392.055
6631.25  3548.495
6632.5  3000.271
6633.75  2491.504
6635.  2969.657
6636.25  2399.66
6637.5  2364.032
6638.75  3069.623
6640.  2969.174
6641.25  2918.922
6642.5  2607.132
6643.75  2589.923
6645.  2374.169
6646.25  2214.336
6647.5  2728.982
6648.75  3435.282
6650.  2394.226
6651.25  2280.784
6652.5  2158.244
6653.75  2980.479
6655.  3186.137
6656.25  3331.152
6657.5  3571.103
6658.75  3637.055
6660.  3897.42
6661.25  3683.082
6662.5  2704.615
6663.75  3464.315
6665.  4183.637
6666.25  3528.736
6667.5  3576.812
6668.75  3166.416
6670.  3449.194
6671.25  2864.526
6672.5  2846.31
6673.75  3796.135
6675.  4221.877
6676.25  3030.486
6677.5  3432.066
6678.75  3309.649
6680.  2813.149
6681.25  3467.099
6682.5  3483.94
6683.75  3331.469
6685.  3601.549
6686.25  3327.927
6687.5  3512.422
6688.75  2732.68
6690.  2849.087
6691.25  3732.211
6692.5  3669.259
6693.75  3378.105
6695.  3382.249
6696.25  3317.006
6697.5  2853.88
6698.75  2574.74
6700.  2287.147
6701.25  2877.424
6702.5  2908.301
6703.75  2371.96
6705.  2450.409
6706.25  2765.454
6707.5  1859.529
6708.75  2397.167
6710.  2447.693
6711.25  2142.915
6712.5  3660.903
6713.75  2825.217
6715.  2938.618
6716.25  3228.671
6717.5  3218.882
6718.75  2667.5
6720.  2581.142
6721.25  2520.419
6722.5  2436.261
6723.75  2443.325
6725.  3120.93
6726.25  2686.763
6727.5  2723.467
6728.75  2487.702
6730.  2479.328
6731.25  2462.061
6732.5  2190.233
6733.75  2581.963
6735.  2837.937
6736.25  2616.745
6737.5  3039.851
6738.75  2559.537
6740.  3970.316
6741.25  3290.326
6742.5  2688.021
6743.75  2200.45
6745.  2350.428
6746.25  2887.279
6747.5  3005.787
6748.75  2211.053
6750.  3037.45
6751.25  2908.391
6752.5  2653.906
6753.75  3098.907
6755.  2906.897
6756.25  2399.488
6757.5  2344.113
6758.75  2956.14
6760.  3219.406
6761.25  3098.802
6762.5  2834.748
6763.75  2288.048
6765.  3065.976
6766.25  2638.909
6767.5  2448.114
6768.75  2229.59
6770.  2985.934
6771.25  2196.671
6772.5  2438.485
6773.75  3108.545
6775.  2932.764
6776.25  2721.33
6777.5  2625.509
6778.75  2514.743
6780.  2679.487
6781.25  2271.583
6782.5  2154.878
6783.75  3048.303
6785.  3491.713
6786.25  3122.483
6787.5  2586.161
6788.75  3139.696
6790.  2075.5
6791.25  2194.864
6792.5  2611.293
6793.75  2209.855
6795.  3252.8
6796.25  2339.881
6797.5  2822.787
6798.75  2989.697
6800.  3065.776
6801.25  2920.046
6802.5  3169.215
6803.75  2590.395
6805.  2705.584
6806.25  2203.085
6807.5  3128.194
6808.75  2355.612
6810.  3392.982
6811.25  2516.146
6812.5  2171.649
6813.75  2320.404
6815.  2352.676
6816.25  2963.861
6817.5  2692.124
6818.75  2590.879
6820.  2780.183
6821.25  2810.265
6822.5  2642.527
6823.75  2550.323
6825.  3693.056
6826.25  2599.268
6827.5  3099.99
6828.75  3476.088
6830.  3795.287
6831.25  3156.9
6832.5  2463.238
6833.75  3134.362
6835.  2752.43
6836.25  2146.529
6837.5  2580.776
6838.75  2519.714
6840.  2619.74
6841.25  3275.896
6842.5  3362.258
6843.75  2294.338
6845.  2576.275
6846.25  3143.769
6847.5  2607.676
6848.75  2453.231
6850.  2286.746
6851.25  2808.002
6852.5  2514.245
6853.75  2436.122
6855.  2736.011
6856.25  2726.965
6857.5  2558.854
6858.75  2517.559
6860.  3014.319
6861.25  2231.208
6862.5  3039.894
6863.75  2079.396
6865.  2428.266
6866.25  1817.183
6867.5  1993.953
6868.75  1784.866
6870.  1845.083
6871.25  2511.851
6872.5  2409.02
6873.75  2153.252
6875.  2065.647
6876.25  2674.66
6877.5  2313.927
6878.75  2324.254
6880.  2484.418
6881.25  2441.525
6882.5  2399.339
6883.75  2105.582
6885.  2946.979
6886.25  2478.47
6887.5  2287.731
6888.75  2933.345
6890.  2457.005
6891.25  2580.863
6892.5  2637.034
6893.75  2239.472
6895.  1806.793
6896.25  2499.741
6897.5  1781.776
6898.75  2837.597
6900.  2484.199
6901.25  3261.026
6902.5  2734.343
6903.75  2281.232
6905.  2186.086
6906.25  2957.71
6907.5  2752.872
6908.75  2320.227
6910.  2756.755
6911.25  2628.243
6912.5  2975.934
6913.75  2726.979
6915.  2490.382
6916.25  3184.061
6917.5  2511.567
6918.75  2635.401
6920.  3184.238
6921.25  2917.718
6922.5  2039.732
6923.75  2498.511
6925.  2811.166
6926.25  3099.896
6927.5  2572.64
6928.75  3001.707
6930.  2767.692
6931.25  2581.96
6932.5  2503.143
6933.75  2129.484
6935.  2193.
6936.25  2160.452
6937.5  1925.178
6938.75  2186.852
6940.  2658.036
6941.25  2621.911
6942.5  2293.531
6943.75  2632.323
6945.  2274.852
6946.25  2530.136
6947.5  2832.566
6948.75  3043.386
6950.  2787.716
6951.25  2264.532
6952.5  1950.529
6953.75  2511.762
6955.  2317.333
6956.25  2507.951
6957.5  2822.358
6958.75  3174.623
6960.  3370.105
6961.25  2712.445
6962.5  3055.184
6963.75  3330.803
6965.  2914.001
6966.25  2659.362
6967.5  2189.579
6968.75  2210.248
6970.  1985.755
6971.25  1926.5
6972.5  3062.36
6973.75  2794.723
6975.  2536.155
6976.25  2455.516
6977.5  2908.303
6978.75  2754.103
6980.  3289.623
6981.25  2939.792
6982.5  3286.882
6983.75  2392.845
6985.  2394.18
6986.25  2402.51
6987.5  3143.892
6988.75  3453.325
6990.  2436.323
6991.25  2360.229
6992.5  2643.53
6993.75  2566.764
6995.  2702.665
6996.25  3232.12
6997.5  2482.894
6998.75  2067.263
7000.  2295.958
7001.25  2529.819
7002.5  2829.034
7003.75  2302.628
7005.  2335.547
7006.25  2685.745
7007.5  2358.464
7008.75  2587.383
7010.  2218.
7011.25  2617.958
7012.5  2795.943
7013.75  2959.306
7015.  2936.719
7016.25  2332.986
7017.5  2506.382
7018.75  2983.411
7020.  3012.983
7021.25  3453.043
7022.5  2946.353
7023.75  2348.589
7025.  3111.185
7026.25  2526.254
7027.5  2664.871
7028.75  2782.992
7030.  2860.772
7031.25  2875.395
7032.5  2945.041
7033.75  2550.92
7035.  2622.332
7036.25  3348.103
7037.5  2915.538
7038.75  3021.391
7040.  3030.85
7041.25  3181.779
7042.5  3040.397
7043.75  3276.979
7045.  3701.289
7046.25  2899.395
7047.5  2915.177
7048.75  3114.604
7050.  3503.757
7051.25  3495.985
7052.5  3748.318
7053.75  3502.803
7055.  3544.392
7056.25  2970.803
7057.5  3127.567
7058.75  2729.737
7060.  2960.36
7061.25  3032.27
7062.5  2732.271
7063.75  3215.489
7065.  3383.896
7066.25  3431.017
7067.5  3496.462
7068.75  3275.674
7070.  2982.237
7071.25  2506.031
7072.5  2802.257
7073.75  3484.022
7075.  2969.741
7076.25  2505.916
7077.5  3221.213
7078.75  4306.193
7080.  3304.631
7081.25  2944.233
7082.5  3534.841
7083.75  2965.166
7085.  2915.431
7086.25  2972.321
7087.5  3646.935
7088.75  3474.315
7090.  2673.432
7091.25  2457.557
7092.5  2750.352
7093.75  2553.08
7095.  3281.527
7096.25  2409.253
7097.5  1898.555
7098.75  2529.846
7100.  2497.309
7101.25  2460.233
7102.5  2383.792
7103.75  2851.384
7105.  2823.956
7106.25  2235.878
7107.5  3245.065
7108.75  2175.269
7110.  2858.065
7111.25  2902.511
7112.5  2887.245
7113.75  2852.013
7115.  2984.929
7116.25  2993.251
7117.5  2628.866
7118.75  2606.17
7120.  2748.644
7121.25  2764.026
7122.5  3029.752
7123.75  2889.993
7125.  3222.884
7126.25  3486.862
7127.5  2697.839
7128.75  2278.759
7130.  3037.579
7131.25  3019.765
7132.5  2229.328
7133.75  2059.841
7135.  2995.831
7136.25  3050.245
7137.5  2442.2
7138.75  2870.483
7140.  3217.471
7141.25  2120.162
7142.5  2651.431
7143.75  2262.337
7145.  2134.994
7146.25  3012.657
7147.5  2497.62
7148.75  2968.937
7150.  3088.781
7151.25  2487.023
7152.5  2320.599
7153.75  2893.24
7155.  2359.824
7156.25  2127.338
7157.5  2684.082
7158.75  3158.939
7160.  3192.117
7161.25  2810.677
7162.5  2528.727
7163.75  3386.815
7165.  2256.589
7166.25  2323.667
7167.5  1940.394
7168.75  2825.227
7170.  2539.854
7171.25  3060.861
7172.5  2596.264
7173.75  2323.703
7175.  2622.681
7176.25  2325.8
7177.5  2051.679
7178.75  2680.684
7180.  3139.212
7181.25  2398.849
7182.5  2090.842
7183.75  2346.876
7185.  2977.831
7186.25  2746.359
7187.5  2447.338
7188.75  2676.932
7190.  2794.973
7191.25  1789.172
7192.5  2615.802
7193.75  2326.071
7195.  3022.329
7196.25  2893.33
7197.5  2148.464
7198.75  1968.458
7200.  2593.808
7201.25  2281.83
7202.5  2439.398
7203.75  2136.
7205.  2056.732
7206.25  2735.557
7207.5  2619.202
7208.75  2491.7
7210.  2090.955
7211.25  2419.13
7212.5  3131.127
7213.75  2992.132
7215.  1952.013
7216.25  2749.756
7217.5  2400.687
7218.75  3185.165
7220.  3523.927
7221.25  3105.447
7222.5  1954.835
7223.75  1949.873
7225.  2736.603
7226.25  2211.591
7227.5  2332.882
7228.75  1965.972
7230.  1990.694
7231.25  2420.449
7232.5  2028.32
7233.75  2213.518
7235.  2083.268
7236.25  2472.041
7237.5  2179.847
7238.75  2388.63
7240.  2135.871
7241.25  2395.421
7242.5  2571.537
7243.75  1797.599
7245.  1860.31
7246.25  2948.839
7247.5  3041.365
7248.75  2371.314
7250.  2019.283
7251.25  2538.221
7252.5  3117.032
7253.75  3052.849
7255.  2271.547
7256.25  3214.771
7257.5  2802.383
7258.75  2873.926
7260.  2526.813
7261.25  1746.852
7262.5  2619.722
7263.75  2705.554
7265.  1699.358
7266.25  2706.815
7267.5  2523.789
7268.75  3263.753
7270.  2875.095
7271.25  2518.465
7272.5  2160.346
7273.75  2166.179
7275.  2101.477
7276.25  2498.024
7277.5  2408.567
7278.75  2784.472
7280.  2937.219
7281.25  3080.095
7282.5  2337.409
7283.75  2255.446
7285.  2536.868
7286.25  2835.954
7287.5  2710.613
7288.75  2417.09
7290.  2810.938
7291.25  3151.915
7292.5  2156.93
7293.75  2778.358
7295.  3123.518
7296.25  2078.703
7297.5  2550.418
7298.75  2862.347
7300.  2415.756
7301.25  2165.351
7302.5  1693.407
7303.75  1853.713
7305.  2571.789
7306.25  2795.95
7307.5  2863.582
7308.75  2200.162
7310.  2117.749
7311.25  2425.972
7312.5  2503.579
7313.75  2074.367
7315.  3091.813
7316.25  2641.185
7317.5  2352.418
7318.75  2623.199
7320.  2753.791
7321.25  2198.093
7322.5  2255.53
7323.75  2434.706
7325.  2042.731
7326.25  2555.412
7327.5  2371.883
7328.75  2670.767
7330.  2295.965
7331.25  2613.836
7332.5  2232.24
7333.75  2436.76
7335.  2976.07
7336.25  2791.028
7337.5  2561.357
7338.75  1946.479
7340.  3076.183
7341.25  2189.597
7342.5  2194.122
7343.75  2118.222
7345.  2865.613
7346.25  2459.402
7347.5  1815.196
7348.75  1877.356
7350.  2439.655
7351.25  2884.531
7352.5  1972.15
7353.75  1969.986
7355.  2982.154
7356.25  3112.467
7357.5  2781.167
7358.75  3044.164
7360.  2939.71
7361.25  2922.841
7362.5  3180.089
7363.75  2211.827
7365.  2159.128
7366.25  2675.626
7367.5  3166.882
7368.75  3242.048
7370.  2406.816
7371.25  2868.937
7372.5  2951.065
7373.75  2677.581
7375.  2653.713
7376.25  2484.481
7377.5  2627.746
7378.75  2210.725
7380.  3164.294
7381.25  3028.225
7382.5  3197.656
7383.75  2763.76
7385.  2321.238
7386.25  2461.885
7387.5  2690.038
7388.75  3041.517
7390.  2341.823
7391.25  2690.754
7392.5  2913.223
7393.75  2978.227
7395.  3209.879
7396.25  2798.539
7397.5  2233.309
7398.75  2035.275
7400.  2633.746
7401.25  2746.936
7402.5  2480.629
7403.75  2239.643
7405.  2678.812
7406.25  2834.093
7407.5  2609.614
7408.75  3261.375
7410.  3034.748
7411.25  2514.508
7412.5  2535.118
7413.75  2572.552
7415.  3403.81
7416.25  3010.833
7417.5  2964.026
7418.75  2359.054
7420.  2700.203
7421.25  2196.146
7422.5  2436.15
7423.75  2540.176
7425.  2507.104
7426.25  2766.18
7427.5  2848.429
7428.75  2348.195
7430.  2464.338
7431.25  2058.977
7432.5  2871.042
7433.75  2241.348
7435.  2944.789
7436.25  2002.436
7437.5  2431.765
7438.75  2832.418
7440.  3303.968
7441.25  2424.869
7442.5  2855.747
7443.75  3139.318
7445.  2659.236
7446.25  2397.692
7447.5  2299.03
7448.75  2879.528
7450.  2523.387
7451.25  2383.317
7452.5  2668.659
7453.75  2390.74
7455.  2500.938
7456.25  2649.929
7457.5  2698.568
7458.75  2860.005
7460.  3009.239
7461.25  3050.862
7462.5  2661.26
7463.75  2593.44
7465.  3094.039
7466.25  2817.368
7467.5  2746.519
7468.75  1901.24
7470.  2461.439
7471.25  2314.476
7472.5  2238.402
7473.75  3244.54
7475.  2685.442
7476.25  2440.579
7477.5  2698.46
7478.75  2374.52
7480.  2247.233
7481.25  2827.113
7482.5  2657.476
7483.75  2733.336
7485.  2550.762
7486.25  2703.729
7487.5  2741.409
7488.75  2217.072
7490.  2867.882
7491.25  2549.604
7492.5  1890.093
7493.75  2785.271
7495.  2533.894
7496.25  2272.864
7497.5  2745.063
7498.75  2136.019
7500.  2355.109
7501.25  2344.208
7502.5  2465.987
7503.75  2838.853
7505.  3254.209
7506.25  2780.409
7507.5  2238.349
7508.75  2969.961
7510.  1909.398
7511.25  2561.501
7512.5  3040.753
7513.75  2721.852
7515.  2095.101
7516.25  2341.769
7517.5  2461.567
7518.75  3160.503
7520.  2457.925
7521.25  2464.295
7522.5  2705.446
7523.75  3083.392
7525.  2769.593
7526.25  3070.943
7527.5  2349.356
7528.75  2111.818
7530.  2665.224
7531.25  2306.292
7532.5  2740.981
7533.75  2417.777
7535.  2963.903
7536.25  3132.3
7537.5  2977.549
7538.75  1957.52
7540.  1595.536
7541.25  2561.483
7542.5  2092.059
7543.75  2801.426
7545.  2837.125
7546.25  2787.234
7547.5  2427.969
7548.75  1921.75
7550.  2062.517
7551.25  2850.737
7552.5  2910.473
7553.75  2809.619
7555.  2620.261
7556.25  2382.925
7557.5  2133.174
7558.75  2484.917
7560.  2563.632
7561.25  2758.997
7562.5  2668.419
7563.75  2883.476
7565.  3008.203
7566.25  2438.279
7567.5  2094.815
7568.75  2959.512
7570.  3233.071
7571.25  2873.27
7572.5  1854.723
7573.75  1943.035
7575.  2156.879
7576.25  2286.287
7577.5  2608.438
7578.75  2141.883
7580.  2103.396
7581.25  2533.295
7582.5  2538.766
7583.75  2859.812
7585.  2565.816
7586.25  2211.416
7587.5  2640.101
7588.75  2425.197
7590.  2233.368
7591.25  2326.253
7592.5  2190.382
7593.75  1858.297
7595.  1250.43
7596.25  1405.147
7597.5  1133.009
7598.75  1440.926
7600.  974.9557
7601.25  448.6232
7602.5  354.9856
7603.75  771.3741
7605.  646.7405
7606.25  68.12521
7607.5  468.3149
7608.75  361.6485
7610.  700.7758
7611.25  1011.915
7612.5  1072.218
7613.75  1069.71
7615.  1133.879
7616.25  1879.309
7617.5  2350.505
7618.75  2428.203
7620.  2684.095
7621.25  1345.652
7622.5  1507.709
7623.75  1531.594
7625.  1925.489
7626.25  1607.507
7627.5  1023.376
7628.75  1363.226
7630.  1675.426
7631.25  1058.421
7632.5  1274.15
7633.75  1424.983
7635.  1717.53
7636.25  1715.429
7637.5  1230.57
7638.75  1486.608
7640.  1031.501
7641.25  1804.522
7642.5  2153.085
7643.75  1379.25
7645.  1047.311
7646.25  1908.33
7647.5  2434.593
7648.75  2039.514
7650.  1615.663
7651.25  1631.009
7652.5  1845.381
7653.75  1767.846
7655.  1473.89
7656.25  2183.915
7657.5  2348.771
7658.75  2321.922
7660.  2541.538
7661.25  2848.935
7662.5  1939.18
7663.75  2172.814
7665.  1643.477
7666.25  1783.794
7667.5  1959.567
7668.75  1684.762
7670.  1558.626
7671.25  1570.087
7672.5  2035.132
7673.75  2640.305
7675.  2207.833
7676.25  2398.823
7677.5  2362.039
7678.75  2830.713
7680.  2724.556
7681.25  2261.679
7682.5  2363.484
7683.75  2068.243
7685.  2131.927
7686.25  2513.408
7687.5  2512.025
7688.75  1685.415
7690.  2684.818
7691.25  2075.624
7692.5  3113.525
7693.75  2606.454
7695.  2585.936
7696.25  2829.479
7697.5  2360.801
7698.75  2645.319
7700.  2256.894
7701.25  2833.662
7702.5  1892.263
7703.75  2409.154
7705.  2156.159
7706.25  2122.396
7707.5  2205.137
7708.75  2623.958
7710.  2301.561
7711.25  1426.46
7712.5  2477.757
7713.75  2661.859
7715.  2717.137
7716.25  2336.225
7717.5  2280.876
7718.75  2525.354
7720.  2580.958
7721.25  2887.478
7722.5  2089.564
7723.75  2057.282
7725.  3009.478
7726.25  2940.404
7727.5  2287.6
7728.75  2205.511
7730.  2566.694
7731.25  2562.929
7732.5  2286.683
7733.75  2037.936
7735.  2055.505
7736.25  2440.875
7737.5  2492.257
7738.75  2795.149
7740.  2445.608
7741.25  2334.784
7742.5  2982.226
7743.75  2423.985
7745.  2520.043
7746.25  2917.775
7747.5  2632.368
7748.75  2691.595
7750.  2953.505
7751.25  2225.161
7752.5  2345.881
7753.75  2936.073
7755.  2768.852
7756.25  2013.272
7757.5  2190.503
7758.75  2440.712
7760.  2846.144
7761.25  2043.194
7762.5  2749.603
7763.75  2074.209
7765.  2447.512
7766.25  3254.704
7767.5  2877.568
7768.75  1996.432
7770.  2101.146
7771.25  2271.321
7772.5  2915.895
7773.75  1804.353
7775.  2308.347
7776.25  2813.806
7777.5  2226.567
7778.75  2389.139
7780.  2016.456
7781.25  2340.103
7782.5  2966.466
7783.75  1982.742
7785.  1613.775
7786.25  2449.999
7787.5  2650.875
7788.75  2644.948
7790.  2901.603
7791.25  2515.641
7792.5  2641.149
7793.75  2508.108
7795.  2788.921
7796.25  2143.117
7797.5  2678.151
7798.75  2241.81
7800.  3128.458
7801.25  2554.572
7802.5  2585.3
7803.75  2497.673
7805.  2585.503
7806.25  3332.869
7807.5  2327.859
7808.75  2187.697
7810.  2647.223
7811.25  2775.966
7812.5  2163.795
7813.75  2911.842
7815.  2437.485
7816.25  2262.561
7817.5  2642.122
7818.75  2609.219
7820.  2336.624
7821.25  1927.583
7822.5  3057.278
7823.75  2810.497
7825.  2674.059
7826.25  3282.441
7827.5  2636.138
7828.75  2507.48
7830.  3072.929
7831.25  3417.793
7832.5  2535.968
7833.75  2500.371
7835.  2274.113
7836.25  2846.14
7837.5  2429.188
7838.75  1925.12
7840.  2508.92
7841.25  2087.14
7842.5  2605.045
7843.75  2777.526
7845.  2066.756
7846.25  2730.08
7847.5  1964.674
7848.75  1781.482
7850.  1763.183
7851.25  2178.598
7852.5  2547.534
7853.75  1463.774
7855.  2782.123
7856.25  2589.517
7857.5  2546.291
7858.75  2390.345
7860.  2800.647
7861.25  2829.35
7862.5  2631.83
7863.75  2596.426
7865.  2709.32
7866.25  2893.706
7867.5  2492.286
7868.75  2527.558
7870.  1708.112
7871.25  1846.191
7872.5  2348.539
7873.75  3312.029
7875.  2376.478
7876.25  1794.641
7877.5  2104.756
7878.75  2028.929
7880.  2237.765
7881.25  3267.83
7882.5  2884.914
7883.75  2461.443
7885.  1948.846
7886.25  2200.654
7887.5  2068.256
7888.75  2175.798
7890.  2315.01
7891.25  1876.666
7892.5  2998.52
7893.75  2207.622
7895.  2503.048
7896.25  2398.832
7897.5  2123.689
7898.75  2387.836
7900.  2080.59
7901.25  3002.024
7902.5  3241.37
7903.75  3087.639
7905.  2545.173
7906.25  2415.781
7907.5  2848.729
7908.75  1993.029
7910.  2572.459
7911.25  2413.021
7912.5  2446.809
7913.75  2262.705
7915.  3007.121
7916.25  2592.136
7917.5  2816.668
7918.75  2649.61
7920.  2222.611
7921.25  2467.571
7922.5  2553.836
7923.75  3173.216
7925.  2824.437
7926.25  1949.074
7927.5  2068.478
7928.75  2361.453
7930.  2959.883
7931.25  2031.387
7932.5  2703.838
7933.75  3030.475
7935.  2463.27
7936.25  2354.684
7937.5  2471.179
7938.75  2990.135
7940.  2363.929
7941.25  3387.231
7942.5  2556.985
7943.75  2883.299
7945.  2678.8
7946.25  2473.223
7947.5  2374.347
7948.75  3317.526
7950.  2836.377
7951.25  2442.854
7952.5  2026.113
7953.75  2769.451
7955.  2133.736
7956.25  1884.258
7957.5  2618.679
7958.75  2860.066
7960.  2370.649
7961.25  3006.123
7962.5  2791.758
7963.75  926.3623
7965.  1569.426
7966.25  2701.616
7967.5  2450.059
7968.75  1984.87
7970.  1619.566
7971.25  2065.366
7972.5  2673.211
7973.75  2320.785
7975.  1816.914
7976.25  2082.139
7977.5  2221.156
7978.75  2149.694
7980.  1804.547
7981.25  2262.856
7982.5  2674.498
7983.75  2400.87
7985.  2226.746
7986.25  1967.479
7987.5  2815.236
7988.75  1998.773
7990.  2524.912
7991.25  2171.23
7992.5  2612.567
7993.75  2536.009
7995.  2461.188
7996.25  2369.364
7997.5  2738.482
7998.75  2377.01
8000.  2124.835
8001.25  3025.872
8002.5  3007.625
8003.75  2474.192
8005.  2757.833
8006.25  2285.341
8007.5  2763.355
8008.75  2668.053
8010.  2675.659
8011.25  2570.977
8012.5  2057.414
8013.75  2670.965
8015.  2831.381
8016.25  1935.246
8017.5  2035.967
8018.75  2423.075
8020.  2034.515
8021.25  2022.311
8022.5  1847.131
8023.75  2149.479
8025.  2095.463
8026.25  1927.956
8027.5  2919.75
8028.75  2375.663
8030.  2804.138
8031.25  2602.953
8032.5  2519.041
8033.75  2420.808
8035.  2785.894
8036.25  1777.389
8037.5  2734.916
8038.75  2183.353
8040.  1825.569
8041.25  2941.488
8042.5  3378.099
8043.75  2054.4
8045.  2332.782
8046.25  2113.033
8047.5  2476.164
8048.75  2549.234
8050.  2530.451
8051.25  2340.021
8052.5  3023.959
8053.75  2485.972
8055.  2499.556
8056.25  2114.713
8057.5  2340.677
8058.75  2419.004
8060.  2446.806
8061.25  1884.357
8062.5  3544.676
8063.75  2643.482
8065.  2280.395
8066.25  2559.682
8067.5  2779.125
8068.75  2703.684
8070.  2337.167
8071.25  2295.759
8072.5  1987.28
8073.75  2584.688
8075.  2017.8
8076.25  2377.696
8077.5  2466.46
8078.75  2370.638
8080.  2483.696
8081.25  2041.811
8082.5  1778.82
8083.75  2114.101
8085.  2418.588
8086.25  2657.588
8087.5  2903.262
8088.75  2868.455
8090.  2584.727
8091.25  2885.473
8092.5  1885.361
8093.75  2451.861
8095.  2645.056
8096.25  2641.003
8097.5  2121.99
8098.75  2240.784
8100.  2340.944
8101.25  1887.272
8102.5  2686.182
8103.75  2524.719
8105.  2068.287
8106.25  2300.657
8107.5  2143.822
8108.75  2545.568
8110.  2124.193
8111.25  1911.885
8112.5  2237.833
8113.75  2290.198
8115.  2433.498
8116.25  2294.862
8117.5  2291.046
8118.75  2631.165
8120.  1960.964
8121.25  2010.599
8122.5  2517.702
8123.75  2285.478
8125.  2459.6
8126.25  1904.131
8127.5  1775.063
8128.75  2284.734
8130.  1859.636
8131.25  3003.326
8132.5  1885.904
8133.75  2723.118
8135.  1471.734
8136.25  1646.807
8137.5  1823.833
8138.75  2185.626
8140.  2787.146
8141.25  1970.682
8142.5  1970.376
8143.75  2099.755
8145.  2093.904
8146.25  2127.103
8147.5  2441.935
8148.75  1989.269
8150.  2314.662
8151.25  2099.126
8152.5  2016.292
8153.75  2136.55
8155.  2472.715
8156.25  2805.489
8157.5  2853.82
8158.75  1494.382
8160.  1987.09
8161.25  2150.469
8162.5  2070.875
8163.75  1737.475
8165.  2154.071
8166.25  2172.591
8167.5  2084.076
8168.75  2776.01
8170.  1772.282
8171.25  2173.794
8172.5  2061.08
8173.75  3187.539
8175.  2333.774
8176.25  1952.779
8177.5  2317.771
8178.75  2543.762
8180.  2280.149
8181.25  2334.271
8182.5  1691.641
8183.75  2387.095
8185.  1918.049
8186.25  1873.3
8187.5  1723.507
8188.75  2402.451
8190.  2301.256
8191.25  2247.125
8192.5  2038.435
8193.75  2289.044
8195.  1959.894
8196.25  2465.451
8197.5  2176.416
8198.75  1896.068
8200.  2467.739
8201.25  2992.796
8202.5  2493.459
8203.75  1583.64
8205.  2134.291
8206.25  2221.544
8207.5  2332.097
8208.75  2381.576
8210.  2392.698
8211.25  1790.193
8212.5  2533.473
8213.75  2825.442
8215.  1951.576
8216.25  1912.21
8217.5  2560.474
8218.75  2132.155
8220.  2161.236
8221.25  1569.243
8222.5  1945.323
8223.75  2423.46
8225.  2091.871
8226.25  1686.772
8227.5  2019.569
8228.75  1686.359
8230.  1739.33
8231.25  2026.91
8232.5  1902.609
8233.75  1700.753
8235.  2037.807
8236.25  1843.739
8237.5  1976.524
8238.75  2143.182
8240.  2349.756
8241.25  1552.143
8242.5  1852.676
8243.75  1861.951
8245.  2005.122
8246.25  1567.034
8247.5  2110.408
8248.75  2872.246
8250.  1956.008
8251.25  2333.016
8252.5  1922.286
8253.75  1796.46
8255.  1705.554
8256.25  2420.813
8257.5  1663.747
8258.75  2081.378
8260.  2293.074
8261.25  1157.567
8262.5  1913.836
8263.75  1945.01
8265.  1743.12
8266.25  2037.348
8267.5  2316.937
8268.75  2163.22
8270.  2130.852
8271.25  2178.452
8272.5  1826.714
8273.75  2050.582
8275.  1910.557
8276.25  2239.904
8277.5  2578.291
8278.75  3028.747
8280.  1369.616
8281.25  2129.105
8282.5  2580.754
8283.75  2353.713
8285.  2173.787
8286.25  2417.99
8287.5  1246.095
8288.75  2382.085
8290.  3210.754
8291.25  2367.377
8292.5  2409.503
8293.75  1896.783
8295.  2060.536
8296.25  1337.002
8297.5  2277.131
8298.75  2484.773
8300.  2060.845
8301.25  2416.046
8302.5  2177.422
8303.75  2048.954
8305.  1553.887
8306.25  1498.976
8307.5  2139.677
8308.75  2614.411
8310.  1787.646
8311.25  1923.141
8312.5  2036.489
8313.75  2395.988
8315.  2171.92
8316.25  1733.01
8317.5  2135.964
8318.75  2379.057
8320.  2092.042
8321.25  2111.699
8322.5  2204.69
8323.75  2432.804
8325.  2079.692
8326.25  2275.962
8327.5  2173.678
8328.75  1962.062
8330.  1906.649
8331.25  2316.292
8332.5  1731.835
8333.75  1636.667
8335.  1542.456
8336.25  2263.808
8337.5  3108.664
8338.75  1874.446
8340.  2026.742
8341.25  2416.331
8342.5  2828.212
8343.75  1181.41
8345.  1357.41
8346.25  2279.143
8347.5  2094.871
8348.75  2217.004
8350.  2540.656
8351.25  2312.676
8352.5  1410.953
8353.75  1932.114
8355.  2191.955
8356.25  2097.614
8357.5  1920.623
8358.75  1935.941
8360.  2249.838
8361.25  2633.172
8362.5  2357.35
8363.75  2625.329
8365.  2201.186
8366.25  2709.056
8367.5  2192.09
8368.75  2082.137
8370.  1688.782
8371.25  1601.793
8372.5  2280.098
8373.75  2114.681
8375.  2140.623
8376.25  2250.843
8377.5  1717.221
8378.75  2611.738
8380.  1797.706
8381.25  2319.483
8382.5  1609.6
8383.75  2269.551
8385.  2565.103
8386.25  2403.629
8387.5  2312.751
8388.75  2037.584
8390.  1820.513
8391.25  1872.378
8392.5  2578.668
8393.75  1746.181
8395.  2155.89
8396.25  2963.683
8397.5  3561.883
8398.75  2076.107
8400.  2472.399
8401.25  2106.301
8402.5  2241.441
8403.75  2110.046
8405.  1904.148
8406.25  2601.529
8407.5  2269.75
8408.75  1979.975
8410.  2597.734
8411.25  2214.236
8412.5  2534.651
8413.75  2372.618
8415.  2526.229
8416.25  2477.366
8417.5  1673.882
8418.75  2690.432
8420.  1948.591
8421.25  1972.404
8422.5  2452.283
8423.75  1716.768
8425.  2355.395
8426.25  2043.284
8427.5  2745.889
8428.75  1279.484
8430.  2070.658
8431.25  2365.667
8432.5  2205.226
8433.75  1787.814
8435.  1919.317
8436.25  2332.062
8437.5  2581.321
8438.75  2327.138
8440.  2003.314
8441.25  2379.857
8442.5  2546.55
8443.75  2287.392
8445.  2549.982
8446.25  2007.732
8447.5  2159.189
8448.75  2584.007
8450.  1536.781
8451.25  2072.651
8452.5  2874.78
8453.75  2145.577
8455.  1840.04
8456.25  1922.227
8457.5  1730.04
8458.75  1962.87
8460.  2484.
8461.25  2260.531
8462.5  2355.128
8463.75  2124.445
8465.  481.5177
8466.25  2026.437
8467.5  2918.946
8468.75  2344.94
8470.  1978.108
8471.25  2037.161
8472.5  1742.178
8473.75  1885.143
8475.  2198.413
8476.25  2707.058
8477.5  2521.176
8478.75  2898.988
8480.  2107.237
8481.25  2403.526
8482.5  2770.721
8483.75  2189.745
8485.  2938.46
8486.25  1691.215
8487.5  2962.
8488.75  2937.907
8490.  1952.918
8491.25  2230.743
8492.5  3001.124
8493.75  1707.583
8495.  2612.383
8496.25  1810.129
8497.5  2466.431
8498.75  1859.968
8500.  2661.363
8501.25  2035.941
8502.5  2694.309
8503.75  2348.774
8505.  1765.433
8506.25  1797.674
8507.5  2438.168
8508.75  1686.668
8510.  2070.166
8511.25  2786.833
8512.5  2427.462
8513.75  2976.473
8515.  2647.008
8516.25  2591.746
8517.5  2116.468
8518.75  2265.586
8520.  2103.876
8521.25  2365.624
8522.5  2806.103
8523.75  2588.92
8525.  2439.506
8526.25  2043.757
8527.5  2114.649
8528.75  2087.986
8530.  2713.181
8531.25  2115.311
8532.5  2104.551
8533.75  2275.608
8535.  2169.51
8536.25  2639.448
8537.5  1148.178
8538.75  1593.876
8540.  1738.46
8541.25  1822.036
8542.5  3229.156
8543.75  1526.434
8545.  2381.651
8546.25  2597.314
8547.5  2328.969
8548.75  1564.158
8550.  1139.905
8551.25  1499.667
8552.5  1104.228
8553.75  2417.479
8555.  2218.328
8556.25  1812.383
8557.5  2007.82
8558.75  1786.434
8560.  1751.904
8561.25  2246.694
8562.5  1835.29
8563.75  2023.857
8565.  1984.172
8566.25  2394.062
8567.5  1939.15
8568.75  2927.324
8570.  2425.265
8571.25  2095.075
8572.5  2755.251
8573.75  2178.395
8575.  2275.305
8576.25  1961.758
8577.5  2472.342
8578.75  2666.498
8580.  2394.586
8581.25  2295.752
8582.5  1749.109
8583.75  2200.618
8585.  2193.56
8586.25  2215.187
8587.5  2832.441
8588.75  2036.459
8590.  2203.096
8591.25  2390.886
8592.5  2336.986
8593.75  2483.718
8595.  2579.903
8596.25  2526.148
8597.5  2243.519
8598.75  2486.191
8600.  2330.372
8601.25  2804.031
8602.5  2424.982
8603.75  1731.166
8605.  1754.949
8606.25  2186.048
8607.5  2338.703
8608.75  2276.168
8610.  2245.79
8611.25  2147.887
8612.5  2458.199
8613.75  2139.855
8615.  1599.994
8616.25  2254.293
8617.5  2465.08
8618.75  2328.693
8620.  1519.195
8621.25  2007.579
8622.5  2350.318
8623.75  1902.044
8625.  1704.415
8626.25  1999.056
8627.5  1936.777
8628.75  1407.644
8630.  1996.57
8631.25  2404.007
8632.5  2091.845
8633.75  2541.993
8635.  1681.728
8636.25  2017.441
8637.5  2067.084
8638.75  2073.001
8640.  2420.244
8641.25  1661.451
8642.5  2619.558
8643.75  1578.125
8645.  2457.254
8646.25  2211.119
8647.5  2475.932
8648.75  2367.932
8650.  2261.238
8651.25  1891.548
8652.5  1893.03
8653.75  2560.223
8655.  3690.303
8656.25  1711.434
8657.5  2606.075
8658.75  2217.791
8660.  2581.301
8661.25  2939.002
8662.5  2310.513
8663.75  1231.575
8665.  3588.723
8666.25  1901.21
8667.5  1871.029
8668.75  2413.113
8670.  2065.079
8671.25  1569.488
8672.5  1958.183
8673.75  2417.378
8675.  1961.36
8676.25  2174.47
8677.5  2225.113
8678.75  2361.397
8680.  1728.592
8681.25  2636.279
8682.5  2306.492
8683.75  2342.585
8685.  2200.706
8686.25  2166.671
8687.5  2603.759
8688.75  2174.724
8690.  1768.44
8691.25  1414.592
8692.5  2192.531
8693.75  1939.62
8695.  2194.901
8696.25  1827.
8697.5  1898.888
8698.75  1853.532
8700.  2096.652
8701.25  1786.402
8702.5  1930.824
8703.75  2067.454
8705.  2429.283
8706.25  1963.793
8707.5  2125.572
8708.75  2561.115
8710.  2143.668
8711.25  1871.844
8712.5  2429.805
8713.75  2365.653
8715.  1878.192
8716.25  2535.801
8717.5  2031.199
8718.75  1876.647
8720.  1914.593
8721.25  2755.523
8722.5  2233.539
8723.75  1713.063
8725.  1668.862
8726.25  1879.838
8727.5  2688.586
8728.75  1553.942
8730.  2619.966
8731.25  1882.412
8732.5  2082.626
8733.75  1841.382
8735.  2413.977
8736.25  1856.094
8737.5  1942.56
8738.75  2297.027
8740.  1941.152
8741.25  1931.377
8742.5  3082.568
8743.75  1805.331
8745.  2286.341
8746.25  2118.218
8747.5  3016.881
8748.75  2483.352
8750.  2088.587
8751.25  2798.819
8752.5  2321.58
8753.75  2063.951
8755.  1893.326
8756.25  2104.844
8757.5  2429.927
8758.75  2271.774
8760.  2152.936
8761.25  968.5624
8762.5  1998.709
8763.75  2635.875
8765.  2900.961
8766.25  2681.16
8767.5  2068.065
8768.75  2754.538
8770.  2824.497
8771.25  2735.404
8772.5  2333.743
8773.75  2055.181
8775.  2820.951
8776.25  1537.477
8777.5  2152.418
8778.75  2645.103
8780.  1650.785
8781.25  1883.298
8782.5  2212.413
8783.75  2573.073
8785.  2250.995
8786.25  2367.604
8787.5  2053.81
8788.75  2681.549
8790.  1936.984
8791.25  1625.236
8792.5  2138.261
8793.75  2023.184
8795.  2716.318
8796.25  2442.224
8797.5  2598.577
8798.75  2958.588
8800.  2435.292
8801.25  2214.058
8802.5  1795.918
8803.75  1905.438
8805.  1893.425
8806.25  1636.083
8807.5  1671.121
8808.75  1916.163
8810.  1843.813
8811.25  1782.453
8812.5  1563.744
8813.75  2642.832
8815.  2507.49
8816.25  1355.996
8817.5  1853.669
8818.75  1743.71
8820.  2731.205
8821.25  2296.189
8822.5  2212.152
8823.75  2226.232
8825.  2483.654
8826.25  541.7184
8827.5  1450.597
8828.75  3568.865
8830.  2054.525
8831.25  2105.102
8832.5  1897.855
8833.75  2507.78
8835.  2386.271
8836.25  1402.259
8837.5  2138.638
8838.75  2354.361
8840.  2148.443
8841.25  1848.279
8842.5  2072.104
8843.75  2800.892
8845.  2008.249
8846.25  2030.917
8847.5  2702.73
8848.75  2176.718
8850.  1963.077
8851.25  1888.594
8852.5  2321.615
8853.75  1810.12
8855.  2106.606
8856.25  1798.073
8857.5  2660.176
8858.75  2271.334
8860.  2423.272
8861.25  1964.822
8862.5  2187.937
8863.75  1584.626
8865.  2056.322
8866.25  2212.097
8867.5  2154.569
8868.75  1756.328
8870.  2315.287
8871.25  2519.071
8872.5  2065.404
8873.75  3188.071
8875.  2386.614
8876.25  1656.732
8877.5  2258.822
8878.75  3124.707
8880.  1681.738
8881.25  2668.263
8882.5  2141.045
8883.75  3097.302
8885.  1434.513
8886.25  1303.231
8887.5  3491.637
8888.75  2930.985
8890.  2299.267
8891.25  2391.257
8892.5  2393.343
8893.75  1789.193
8895.  1990.472
8896.25  1448.804
8897.5  1853.619
8898.75  1472.225
8900.  868.2701
8901.25  3049.52
8902.5  1818.77
8903.75  1661.477
8905.  2446.103
8906.25  1888.626
8907.5  1121.262
8908.75  1691.46
8910.  1864.609
8911.25  1249.33
8912.5  2070.346
8913.75  2716.728
8915.  2268.344
8916.25  1598.26
8917.5  1788.995
8918.75  1559.2
8920.  1403.531
8921.25  2220.77
8922.5  1831.101
8923.75  1559.987
8925.  1610.13
8926.25  1903.074
8927.5  1752.698
8928.75  2204.849
8930.  2215.147
8931.25  2346.642
8932.5  1882.753
8933.75  1096.831
8935.  1635.708
8936.25  1544.378
8937.5  1623.545
8938.75  1956.825
8940.  1381.085
8941.25  2698.083
8942.5  1874.866
8943.75  2691.333
8945.  2257.994
8946.25  2826.94
8947.5  1954.09
8948.75  1480.12
8950.  1287.456
8951.25  1764.785
8952.5  2615.56
8953.75  1820.342
8955.  2510.264
8956.25  1779.522
8957.5  1326.339
8958.75  1837.048
8960.  2829.66
8961.25  2079.215
8962.5  2102.327
8963.75  1431.393
8965.  1267.466
8966.25  1645.886
8967.5  1966.308
8968.75  1631.591
8970.  1555.466
8971.25  1581.051
8972.5  1368.182
8973.75  1702.592
8975.  2202.423
8976.25  1966.64
8977.5  1093.803
8978.75  1619.847
8980.  1768.745
8981.25  1926.105
8982.5  1308.247
8983.75  1410.436
8985.  2665.545
8986.25  1776.503
8987.5  2053.915
8988.75  1428.515
8990.  2229.934
8991.25  1981.772
8992.5  1969.947
8993.75  1430.775
8995.  2217.701
8996.25  2222.487
8997.5  2887.771
8998.75  2803.524
9000.  2373.52
9001.25  1146.922
9002.5  2503.405
9003.75  1891.023
9005.  2145.012
9006.25  1939.53
9007.5  2032.931
9008.75  2181.927
9010.  2587.052
9011.25  2262.697
9012.5  1134.808
9013.75  2414.053
9015.  2110.599
9016.25  1256.651
9017.5  1449.931
9018.75  1755.675
9020.  2758.409
9021.25  1329.948
9022.5  1514.633
9023.75  1581.339
9025.  1878.036
9026.25  1247.199
9027.5  2676.448
9028.75  1985.056
9030.  2251.677
9031.25  2118.086
9032.5  2350.146
9033.75  2252.205
9035.  2817.444
9036.25  2034.292
9037.5  1937.209
9038.75  2258.709
9040.  2340.733
9041.25  2144.689
9042.5  1586.719
9043.75  1541.816
9045.  2164.589
9046.25  1819.542
9047.5  1928.153
9048.75  1658.743
9050.  2393.662
9051.25  2051.177
9052.5  1956.826
9053.75  2140.966
9055.  1367.385
9056.25  2538.726
9057.5  2004.235
9058.75  1903.146
9060.  1677.817
9061.25  1577.442
9062.5  1712.392
9063.75  1320.768
9065.  1599.102
9066.25  2428.52
9067.5  2183.588
9068.75  1657.521
9070.  1991.722
9071.25  2332.616
9072.5  1577.492
9073.75  1147.249
9075.  1807.281
9076.25  1454.64
9077.5  1743.824
9078.75  1554.714
9080.  1313.503
9081.25  720.2632
9082.5  1615.937
9083.75  1963.545
9085.  1729.574
9086.25  1148.237
9087.5  725.2844
9088.75  1146.447
9090.  1558.077
9091.25  2165.791
9092.5  1531.439
9093.75  1346.168
9095.  2127.211
9096.25  1995.843
9097.5  1170.31
9098.75  1865.755
9100.  820.4369
9101.25  1046.193
9102.5  1162.642
9103.75  656.5866
9105.  1403.228
9106.25  1456.969
9107.5  521.628
9108.75  2058.714
9110.  1626.381
9111.25  2588.548
9112.5  2243.106
9113.75  1778.903
9115.  1691.574
9116.25  749.0319
9117.5  1448.512
9118.75  734.6412
9120.  2031.853
9121.25  1791.478
9122.5  2506.708
9123.75  2028.766
9125.  2362.304
9126.25  1750.879
9127.5  917.8179
9128.75  848.6437
9130.  1294.26
9131.25  1539.54
9132.5  1240.003
9133.75  927.5335
9135.  1038.307
9136.25  1528.661
9137.5  970.3921
9138.75  1234.401
9140.  1524.25
9141.25  2197.691
9142.5  2376.217
9143.75  1657.894
9145.  1613.566
9146.25  1950.334
9147.5  923.4255
9148.75  1531.623
9150.  1148.071
9151.25  1376.503
9152.5  1404.771
9153.75  1518.919
9155.  787.2682
9156.25  1234.058
9157.5  1180.045
9158.75  2239.565
9160.  1334.512
9161.25  2068.971
9162.5  1525.362
9163.75  2154.083
9165.  1959.949
9166.25  1686.258
9167.5  1978.836
9168.75  2189.527
9170.  1501.737
9171.25  1177.244
9172.5  1915.882
9173.75  1547.829
9175.  1093.318
9176.25  1677.797
9177.5  1536.19
9178.75  2598.659
9180.  1944.501
9181.25  1534.61
9182.5  1165.835
9183.75  1061.205
9185.  1915.149
9186.25  2275.954
9187.5  1624.687
9188.75  1698.004
9190.  2413.767
9191.25  2100.935
9192.5  2022.206
9193.75  1442.754
9195.  1507.9
9196.25  2051.422
9197.5  2116.097
9198.75  1939.409
9200.  1502.222
9201.25  3326.75
9202.5  2701.179
9203.75  2135.323
9205.  2061.782
9206.25  2238.943
9207.5  2700.575
9208.75  2236.373
9210.  1978.575
9211.25  1087.922
9212.5  2268.602
9213.75  2333.479
9215.  2027.613
9216.25  2133.253
9217.5  1991.037
9218.75  2219.488
9220.  2847.978
9221.25  2552.771
9222.5  2198.654
9223.75  1428.479
9225.  1723.335
9226.25  2611.044
9227.5  1041.115
9228.75  1241.366
9230.  1823.413
9231.25  2124.578
9232.5  1561.146
9233.75  2109.276
9235.  2192.296
9236.25  1097.695
9237.5  2432.269
9238.75  2647.223
9240.  1771.634
9241.25  1543.085
9242.5  2507.987
9243.75  2192.628
9245.  2094.795
9246.25  1395.272
9247.5  2159.182
9248.75  2001.457
9250.  1289.445
9251.25  1503.597
9252.5  1034.899
9253.75  2107.605
9255.  2068.831
9256.25  1566.455
9257.5  440.5201
9258.75  1614.366
9260.  380.3185
9261.25  1054.025
9262.5  1764.881
9263.75  1456.821
9265.  1727.135
9266.25  1708.581
9267.5  1472.684
9268.75  1546.256
9270.  1259.243
9271.25  804.3041
9272.5  1615.547
9273.75  2120.552
9275.  1996.626
9276.25  2251.983
9277.5  1188.737
9278.75  1481.928
9280.  1857.479
9281.25  836.2394
9282.5  1232.37
9283.75  1471.409
9285.  921.7734
9286.25  1946.527
9287.5  1448.901
9288.75  1050.809
9290.  1374.057
9291.25  2438.816
9292.5  2761.252
9293.75  1319.524
9295.  1563.793
9296.25  1205.311
9297.5  1095.736
9298.75  1733.83
9300.  958.8132
9301.25  932.332
9302.5  2007.187
9303.75  1784.319
9305.  376.8388
9306.25  1328.783
9307.5  -51.98694
9308.75  1986.151
9310.  834.7368
9311.25  2661.641
9312.5  1162.465
9313.75  523.3299
9315.  -368.2018
9316.25  1081.783
9317.5  1523.779
9318.75  636.6529
9320.  774.4007
9321.25  960.6594
9322.5  -545.9054
9323.75  -1019.705
9325.  1276.984
9326.25  1583.323
9327.5  1488.473
9328.75  390.9882
9330.  286.395
9331.25  -248.1976
9332.5  682.6456
9333.75  1642.607
9335.  151.4698
9336.25  1484.079
9337.5  794.4075
9338.75  782.0903
9340.  909.2985
9341.25  -349.9226
9342.5  -337.1215
9343.75  252.9126
9345.  461.9479
9346.25  -383.969
9347.5  891.3127
9348.75  714.2375
9350.  2120.214
